c
-21.8758 30 -38.8366 -0.40776 -0.764001 0.913089
l
0 495.6 1024.6 1 1 0.9801 1 1 1 1 1 1 0 0.000314317 2.4475e-05 1 0 -1 0 1 0 7 9 1 1 
l
-7.1 241.4 369.199 1 1 1 1 1 1 1 1 1 0.1 0.00115431 0.000175698 1 -1.07374e+08 -1.07374e+08 -1.07374e+08 -1.07374e+08 0 0 0 1 1 
l
17.8 3.4 -2.8 1 1 0 0 1 1 1 1 1 0 1 0.038 -1.07374e+08 -1.07374e+08 -1.07374e+08 -1.07374e+08 -1.07374e+08 0 0 0 1 1 
l
17.3 3.09999 -40.9999 1 1 1 0 1 1 0 0 1 0.1 1e-05 0.1 1 -1.07374e+08 -1.07374e+08 -1.07374e+08 -1.07374e+08 0 0 0 1 1 
l
-12.5 3.2 -41.3 1 0 1 0 1 1 0 0 1 0.1 1e-05 0.1 1 -1.07374e+08 -1.07374e+08 -1.07374e+08 -1.07374e+08 0 0 0 1 1 
l
-22.3 3.8 -61.3 1 1 0 1 1 1 0 0 1 0.1 1e-05 0.1 1 -1.07374e+08 -1.07374e+08 -1.07374e+08 -1.07374e+08 0 0 0 1 1 
l
-38.7 5 -3.3 1 1 1 1 1 1 1 1 1 0.359 0.293 0.239 -1.07374e+08 -1.07374e+08 -1.07374e+08 -1.07374e+08 -1.07374e+08 0 0 0 1 1 
l
0 0 0 1 1 1 1 1 1 1 1 1 -1.07374e+08 -1.07374e+08 -1.07374e+08 -1.07374e+08 -1.07374e+08 -1.07374e+08 -1.07374e+08 -1.07374e+08 0 0 0 1 0 
l
0 0 0 1 1 1 1 1 1 1 1 1 -1.07374e+08 -1.07374e+08 -1.07374e+08 -1.07374e+08 -1.07374e+08 -1.07374e+08 -1.07374e+08 -1.07374e+08 0 0 0 1 0 
l
0 0 0 1 1 1 1 1 1 1 1 1 -1.07374e+08 -1.07374e+08 -1.07374e+08 -1.07374e+08 -1.07374e+08 -1.07374e+08 -1.07374e+08 -1.07374e+08 0 0 0 1 0 
l
0 0 0 1 1 1 1 1 1 1 1 1 -1.07374e+08 -1.07374e+08 -1.07374e+08 -1.07374e+08 -1.07374e+08 -1.07374e+08 -1.07374e+08 -1.07374e+08 0 0 0 1 0 
l
0 0 0 1 1 1 1 1 1 1 1 1 -1.07374e+08 -1.07374e+08 -1.07374e+08 -1.07374e+08 -1.07374e+08 -1.07374e+08 -1.07374e+08 -1.07374e+08 0 0 0 1 0 
l
0 0 0 1 1 1 1 1 1 1 1 1 -1.07374e+08 -1.07374e+08 -1.07374e+08 -1.07374e+08 -1.07374e+08 -1.07374e+08 -1.07374e+08 -1.07374e+08 0 0 0 1 0 
l
0 0 0 1 1 1 1 1 1 1 1 1 -1.07374e+08 -1.07374e+08 -1.07374e+08 -1.07374e+08 -1.07374e+08 -1.07374e+08 -1.07374e+08 -1.07374e+08 0 0 0 1 0 
l
0 0 0 1 1 1 1 1 1 1 1 1 -1.07374e+08 -1.07374e+08 -1.07374e+08 -1.07374e+08 -1.07374e+08 -1.07374e+08 -1.07374e+08 -1.07374e+08 0 0 0 1 0 
l
0 0 0 1 1 1 1 1 1 1 1 1 -1.07374e+08 -1.07374e+08 -1.07374e+08 -1.07374e+08 -1.07374e+08 -1.07374e+08 -1.07374e+08 -1.07374e+08 0 0 0 1 0 
l
0 0 0 1 1 1 1 1 1 1 1 1 -1.07374e+08 -1.07374e+08 -1.07374e+08 -1.07374e+08 -1.07374e+08 -1.07374e+08 -1.07374e+08 -1.07374e+08 0 0 0 1 0 
l
0 0 0 1 1 1 1 1 1 1 1 1 -1.07374e+08 -1.07374e+08 -1.07374e+08 -1.07374e+08 -1.07374e+08 -1.07374e+08 -1.07374e+08 -1.07374e+08 0 0 0 1 0 
l
0 0 0 1 1 1 1 1 1 1 1 1 -1.07374e+08 -1.07374e+08 -1.07374e+08 -1.07374e+08 -1.07374e+08 -1.07374e+08 -1.07374e+08 -1.07374e+08 0 0 0 1 0 
l
0 0 0 1 1 1 1 1 1 1 1 1 -1.07374e+08 -1.07374e+08 -1.07374e+08 -1.07374e+08 -1.07374e+08 -1.07374e+08 -1.07374e+08 -1.07374e+08 0 0 0 1 0 
o
Terrain Ground -4000 -560 3999.8 0.711473 0 -0 -0.702713 40 40 40 0 0 0 0 0 1 1 1 1 1 0 1
o
Moon Moon -10 342 596.9 0.711473 0 -0 -0.702713 40 40 40 0 0 0 0 0 1 1 1 1 1 0 1
o
ISO_Sphere_1 Debug_Sphere_1 -38.7 5 -3.3 0 0 0 1 1 1 1 1 1 1 1 1 1 1 1 1 1 1 1
o
ISO_Sphere_1 Debug_Sphere_2 -38.7 5 -3.3 0 0 0 1 1.49727 1.49727 1.49727 1 1 1 0 0 1 1 1 1 1 1 1
o
ISO_Sphere_1 Debug_Sphere_3 -38.7 5 -3.3 0 0 0 1 2.07901 2.07901 2.07901 1 1 0 1 0 1 1 1 1 1 1 1
o
ISO_Sphere_1 Debug_Sphere_4 -38.7 5 -3.3 0 0 0 1 3.33786 3.33786 3.33786 1 1 0 1 1 1 1 1 1 1 1 1
o
ISO_Sphere_1 Debug_Sphere_5 -38.7 5 -3.3 0 0 0 1 8.54492 8.54492 8.54492 1 1 0 1 1 1 1 1 1 1 1 1
o
Floor1 Room1Floor1 25 0 -30 0 0 0 1 0.01 0.01 0.01 0 0 0 0 0 1 1 1 1 1000 0 1
o
Floor1 Room1Floor2 5 0 0 0 0 0 1 0.01 0.01 0.01 0 0 0 0 0 1 1 1 1 1000 0 1
o
Floor1 Room1Floor3 5 0 -5 0 0 0 1 0.01 0.01 0.01 0 0 0 0 0 1 1 1 1 1000 0 1
o
Floor1 Room1Floor4 5 0 -10 0 0 0 1 0.01 0.01 0.01 0 0 0 0 0 1 1 1 1 1000 0 1
o
Floor1 Room1Floor5 5 0 -15 0 0 0 1 0.01 0.01 0.01 0 0 0 0 0 1 1 1 1 1000 0 1
o
Floor1 Room1Floor6 5 0 -20 0 0 0 1 0.01 0.01 0.01 0 0 0 0 0 1 1 1 1 1000 0 1
o
Floor1 Room1Floor7 5 0 -25 0 0 0 1 0.01 0.01 0.01 0 0 0 0 0 1 1 1 1 1000 0 1
o
Floor1 Room1Floor8 5 0 -30 0 0 0 1 0.01 0.01 0.01 0 0 0 0 0 1 1 1 1 1000 0 1
o
Floor1 Room1Floor9 10 0 -30 0 0 0 1 0.01 0.01 0.01 0 0 0 0 0 1 1 1 1 1000 0 1
o
Floor1 Room1Floor10 10 0 -25 0 0 0 1 0.01 0.01 0.01 0 0 0 0 0 1 1 1 1 1000 0 1
o
Floor1 Room1Floor11 10 0 -20 0 0 0 1 0.01 0.01 0.01 0 0 0 0 0 1 1 1 1 1000 0 1
o
Floor1 Room1Floor12 10 0 -15 0 0 0 1 0.01 0.01 0.01 0 0 0 0 0 1 1 1 1 1000 0 1
o
Floor1 Room1Floor13 10 0 -10 0 0 0 1 0.01 0.01 0.01 0 0 0 0 0 1 1 1 1 1000 0 1
o
Floor1 Room1Floor14 10 0 -5 0 0 0 1 0.01 0.01 0.01 0 0 0 0 0 1 1 1 1 1000 0 1
o
Floor1 Room1Floor15 10 0 0 0 0 0 1 0.01 0.01 0.01 0 0 0 0 0 1 1 1 1 1000 0 1
o
Floor1 Room1Floor16 15 0 0 0 0 0 1 0.01 0.01 0.01 0 0 0 0 0 1 1 1 1 1000 0 1
o
Floor1 Room1Floor17 15 0 -5 0 0 0 1 0.01 0.01 0.01 0 0 0 0 0 1 1 1 1 1000 0 1
o
Floor1 Room1Floor18 15 0 -10 0 0 0 1 0.01 0.01 0.01 0 0 0 0 0 1 1 1 1 1000 0 1
o
Floor1 Room1Floor19 15 0 -15 0 0 0 1 0.01 0.01 0.01 0 0 0 0 0 1 1 1 1 1000 0 1
o
Floor1 Room1Floor20 15 0 -20 0 0 0 1 0.01 0.01 0.01 0 0 0 0 0 1 1 1 1 1000 0 1
o
Floor1 Room1Floor21 15 0 -25 0 0 0 1 0.01 0.01 0.01 0 0 0 0 0 1 1 1 1 1000 0 1
o
Floor1 Room1Floor22 15 0 -30 0 0 0 1 0.01 0.01 0.01 0 0 0 0 0 1 1 1 1 1000 0 1
o
Floor1 Room1Floor23 20 0 -30 0 0 0 1 0.01 0.01 0.01 0 0 0 0 0 1 1 1 1 1000 0 1
o
Floor1 Room1Floor24 20 0 -25 0 0 0 1 0.01 0.01 0.01 0 0 0 0 0 1 1 1 1 1000 0 1
o
Floor1 Room1Floor25 20 0 -20 0 0 0 1 0.01 0.01 0.01 0 0 0 0 0 1 1 1 1 1000 0 1
o
Floor1 Room1Floor26 20 0 -15 0 0 0 1 0.01 0.01 0.01 0 0 0 0 0 1 1 1 1 1000 0 1
o
Floor1 Room1Floor27 20 0 -10 0 0 0 1 0.01 0.01 0.01 0 0 0 0 0 1 1 1 1 1000 0 1
o
Floor1 Room1Floor28 20 0 -5 0 0 0 1 0.01 0.01 0.01 0 0 0 0 0 1 1 1 1 1000 0 1
o
Floor1 Room1Floor29 20 0 0 0 0 0 1 0.01 0.01 0.01 0 0 0 0 0 1 1 1 1 1000 0 1
o
Floor1 Room1Floor30 25 0 0 0 0 0 1 0.01 0.01 0.01 0 0 0 0 0 1 1 1 1 1000 0 1
o
Floor1 Room1Floor31 25 0 -5 0 0 0 1 0.01 0.01 0.01 0 0 0 0 0 1 1 1 1 1000 0 1
o
Floor1 Room1Floor32 25 0 -10 0 0 0 1 0.01 0.01 0.01 0 0 0 0 0 1 1 1 1 1000 0 1
o
Floor1 Room1Floor33 25 0 -15 0 0 0 1 0.01 0.01 0.01 0 0 0 0 0 1 1 1 1 1000 0 1
o
Floor1 Room1Floor34 25 0 -20 0 0 0 1 0.01 0.01 0.01 0 0 0 0 0 1 1 1 1 1000 0 1
o
Floor1 Room1Floor35 25 0 -25 0 0 0 1 0.01 0.01 0.01 0 0 0 0 0 1 1 1 1 1000 0 1
o
Wall1 Room1Wall1 5 0 0 0 0 0 1 0.01 0.01 0.01 0 0 0 0 0 1 1 1 1 1000 0 1
o
Wall1 Room1Wall2 10 0 0 0 0 0 1 0.01 0.01 0.01 0 0 0 0 0 1 1 1 1 1000 0 1
o
Door1 Room1Wall3 15 0 0 0 0 0 1 0.01 0.01 0.01 0 0 0 0 0 1 1 1 1 1000 0 1
o
Wall1 Room1Wall4 20 0 0 0 0 0 1 0.01 0.01 0.01 0 0 0 0 0 1 1 1 1 1000 0 1
o
Wall1 Room1Wall5 25 0 0 0 0 0 1 0.01 0.01 0.01 0 0 0 0 0 1 1 1 1 1000 0 1
o
Wall1 Room1Wall6 0 0 -35 0 -0.999997 0 0.00261117 0.01 0.01 0.01 0 0 0 0 0 1 1 1 1 1000 0 1
o
Wall1 Room1Wall7 5 0 -35 0 -0.999997 0 0.00261117 0.01 0.01 0.01 0 0 0 0 0 1 1 1 1 1000 0 1
o
Door1 Room1Wall8 10 0 -35 0 -0.999997 0 0.00261117 0.01 0.01 0.01 0 0 0 0 0 1 1 1 1 1000 0 1
o
Wall1 Room1Wall9 15 0 -35 0 -0.999997 0 0.00261117 0.01 0.01 0.01 0 0 0 0 0 1 1 1 1 1000 0 1
o
Wall1 Room1Wall10 20 0 -35 0 -0.999997 0 0.00261117 0.01 0.01 0.01 0 0 0 0 0 1 1 1 1 1000 0 1
o
Wall1 Room1Wall11 0 0 0 -0 0.711473 -0 -0.702713 0.01 0.01 0.01 0 0 0 0 0 1 1 1 1 1000 0 1
o
Wall1 Room1Wall12 0 0 -5 -0 0.711473 -0 -0.702713 0.01 0.01 0.01 0 0 0 0 0 1 1 1 1 1000 0 1
o
Wall1 Room1Wall13 0 0 -10 -0 0.711473 -0 -0.702713 0.01 0.01 0.01 0 0 0 0 0 1 1 1 1 1000 0 1
o
Wall1 Room1Wall14 0 0 -15 -0 0.711473 -0 -0.702713 0.01 0.01 0.01 0 0 0 0 0 1 1 1 1 1000 0 1
o
Wall1 Room1Wall15 0 0 -20 -0 0.711473 -0 -0.702713 0.01 0.01 0.01 0 0 0 0 0 1 1 1 1 1000 0 1
o
Wall1 Room1Wall16 0 0 -25 -0 0.711473 -0 -0.702713 0.01 0.01 0.01 0 0 0 0 0 1 1 1 1 1000 0 1
o
Wall1 Room1Wall17 0 0 -30 -0 0.711473 -0 -0.702713 0.01 0.01 0.01 0 0 0 0 0 1 1 1 1 1000 0 1
o
Wall1 Room1Wall18 25 0 -5 0 -0.711473 0 -0.702713 0.01 0.01 0.01 0 0 0 0 0 1 1 1 1 1000 0 1
o
Wall1 Room1Wall19 25 0 -10 0 -0.711473 0 -0.702713 0.01 0.01 0.01 0 0 0 0 0 1 1 1 1 1000 0 1
o
Wall1 Room1Wall20 25 0 -15 0 -0.711473 0 -0.702713 0.01 0.01 0.01 0 0 0 0 0 1 1 1 1 1000 0 1
o
Wall1 Room1Wall21 25 0 -20 0 -0.711473 0 -0.702713 0.01 0.01 0.01 0 0 0 0 0 1 1 1 1 1000 0 1
o
Wall1 Room1Wall22 25 0 -25 0 -0.711473 0 -0.702713 0.01 0.01 0.01 0 0 0 0 0 1 1 1 1 1000 0 1
o
Wall1 Room1Wall23 25 0 -30 0 -0.711473 0 -0.702713 0.01 0.01 0.01 0 0 0 0 0 1 1 1 1 1000 0 1
o
Wall1 Room1Wall24 25 0 -35 0 -0.711473 0 -0.702713 0.01 0.01 0.01 0 0 0 0 0 1 1 1 1 1000 0 1
o
Floor1 Room1Room2Floor1 15 0 -35 0 0 0 1 0.01 0.01 0.01 0 0 0 0 0 1 1 1 1 1000 0 1
o
Wall1 Room1Room2Wall25 10 0 -35 -0 0.711473 -0 -0.702713 0.01 0.01 0.01 0 0 0 0 0 1 1 1 1 1000 0 1
o
Wall1 Room1Room2Wall25 15 0 -40 0 -0.711473 0 -0.702713 0.01 0.01 0.01 0 0 0 0 0 1 1 1 1 1000 0 1
o
Floor1 Room2Floor1 25 0 -40 0 0 0 1 0.01 0.01 0.01 0 0 0 0 0 1 1 1 1 1000 0 1
o
Floor1 Room2Floor2 10 0 -40 0 0 0 1 0.01 0.01 0.01 0 0 0 0 0 1 1 1 1 1000 0 1
o
Floor1 Room2Floor3 10 0 -45 0 0 0 1 0.01 0.01 0.01 0 0 0 0 0 1 1 1 1 1000 0 1
o
Floor1 Room2Floor4 10 0 -50 0 0 0 1 0.01 0.01 0.01 0 0 0 0 0 1 1 1 1 1000 0 1
o
Floor1 Room2Floor5 15 0 -50 0 0 0 1 0.01 0.01 0.01 0 0 0 0 0 1 1 1 1 1000 0 1
o
Floor1 Room2Floor6 15 0 -45 0 0 0 1 0.01 0.01 0.01 0 0 0 0 0 1 1 1 1 1000 0 1
o
Floor1 Room2Floor7 15 0 -40 0 0 0 1 0.01 0.01 0.01 0 0 0 0 0 1 1 1 1 1000 0 1
o
Floor1 Room2Floor8 20 0 -40 0 0 0 1 0.01 0.01 0.01 0 0 0 0 0 1 1 1 1 1000 0 1
o
Floor1 Room2Floor9 20 0 -45 0 0 0 1 0.01 0.01 0.01 0 0 0 0 0 1 1 1 1 1000 0 1
o
Floor1 Room2Floor10 20 0 -50 0 0 0 1 0.01 0.01 0.01 0 0 0 0 0 1 1 1 1 1000 0 1
o
Floor1 Room2Floor11 25 0 -50 0 0 0 1 0.01 0.01 0.01 0 0 0 0 0 1 1 1 1 1000 0 1
o
Floor1 Room2Floor12 25 0 -45 0 0 0 1 0.01 0.01 0.01 0 0 0 0 0 1 1 1 1 1000 0 1
o
Wall1 Room2Wall1 10 0 -40 0 0 0 1 0.01 0.01 0.01 0 0 0 0 0 1 1 1 1 1000 0 1
o
Door1 Room2Wall2 15 0 -40 0 0 0 1 0.01 0.01 0.01 0 0 0 0 0 1 1 1 1 1000 0 1
o
Wall1 Room2Wall3 20 0 -40 0 0 0 1 0.01 0.01 0.01 0 0 0 0 0 1 1 1 1 1000 0 1
o
Wall1 Room2Wall4 25 0 -40 0 0 0 1 0.01 0.01 0.01 0 0 0 0 0 1 1 1 1 1000 0 1
o
Wall1 Room2Wall5 5 0 -55 0 -0.999997 0 0.00261117 0.01 0.01 0.01 0 0 0 0 0 1 1 1 1 1000 0 1
o
Wall1 Room2Wall6 10 0 -55 0 -0.999997 0 0.00261117 0.01 0.01 0.01 0 0 0 0 0 1 1 1 1 1000 0 1
o
Wall1 Room2Wall7 15 0 -55 0 -0.999997 0 0.00261117 0.01 0.01 0.01 0 0 0 0 0 1 1 1 1 1000 0 1
o
Wall1 Room2Wall8 20 0 -55 0 -0.999997 0 0.00261117 0.01 0.01 0.01 0 0 0 0 0 1 1 1 1 1000 0 1
o
Wall1 Room2Wall9 5 0 -40 -0 0.707951 -0 -0.706262 0.01 0.01 0.01 0 0 0 0 0 1 1 1 1 1000 0 1
o
Door1 Room2Wall10 5 0 -45 -0 0.707951 -0 -0.706262 0.01 0.01 0.01 0 0 0 0 0 1 1 1 1 1000 0 1
o
Wall1 Room2Wall11 5 0 -50 -0 0.707951 -0 -0.706262 0.01 0.01 0.01 0 0 0 0 0 1 1 1 1 1000 0 1
o
Wall1 Room2Wall12 25 0 -45 0 -0.707951 0 -0.706262 0.01 0.01 0.01 0 0 0 0 0 1 1 1 1 1000 0 1
o
Wall1 Room2Wall13 25 0 -50 0 -0.707951 0 -0.706262 0.01 0.01 0.01 0 0 0 0 0 1 1 1 1 1000 0 1
o
Wall1 Room2Wall14 25 0 -55 0 -0.707951 0 -0.706262 0.01 0.01 0.01 0 0 0 0 0 1 1 1 1 1000 0 1
o
Floor1 Room2Room3Floor1 5 0 -45 0 0 0 1 0.01 0.01 0.01 0 0 0 0 0 1 1 1 1 1000 0 1
o
Wall1 Room2Room3Wall15 5 0 -45 0 0 0 1 0.01 0.01 0.01 0 0 0 0 0 1 1 1 1 1000 0 1
o
Wall1 Room2Room3Wall15 0 0 -50 0 -0.999997 0 0.00261117 0.01 0.01 0.01 0 0 0 0 0 1 1 1 1 1000 0 1
o
Floor1 Room3Floor1 0 0 -50 0 0 0 1 0.01 0.01 0.01 0 0 0 0 0 1 1 1 1 1000 0 1
o
Floor1 Room3Floor2 -20 0 -40 0 0 0 1 0.01 0.01 0.01 0 0 0 0 0 1 1 1 1 1000 0 1
o
Floor1 Room3Floor3 -20 0 -45 0 0 0 1 0.01 0.01 0.01 0 0 0 0 0 1 1 1 1 1000 0 1
o
Floor1 Room3Floor4 -20 0 -50 0 0 0 1 0.01 0.01 0.01 0 0 0 0 0 1 1 1 1 1000 0 1
o
Floor1 Room3Floor5 -15 0 -50 0 0 0 1 0.01 0.01 0.01 0 0 0 0 0 1 1 1 1 1000 0 1
o
Floor1 Room3Floor6 -15 0 -45 0 0 0 1 0.01 0.01 0.01 0 0 0 0 0 1 1 1 1 1000 0 1
o
Floor1 Room3Floor7 -15 0 -40 0 0 0 1 0.01 0.01 0.01 0 0 0 0 0 1 1 1 1 1000 0 1
o
Floor1 Room3Floor8 -10 0 -40 0 0 0 1 0.01 0.01 0.01 0 0 0 0 0 1 1 1 1 1000 0 1
o
Floor1 Room3Floor9 -10 0 -45 0 0 0 1 0.01 0.01 0.01 0 0 0 0 0 1 1 1 1 1000 0 1
o
Floor1 Room3Floor10 -10 0 -50 0 0 0 1 0.01 0.01 0.01 0 0 0 0 0 1 1 1 1 1000 0 1
o
Floor1 Room3Floor11 -5 0 -50 0 0 0 1 0.01 0.01 0.01 0 0 0 0 0 1 1 1 1 1000 0 1
o
Floor1 Room3Floor12 -5 0 -45 0 0 0 1 0.01 0.01 0.01 0 0 0 0 0 1 1 1 1 1000 0 1
o
Floor1 Room3Floor13 -5 0 -40 0 0 0 1 0.01 0.01 0.01 0 0 0 0 0 1 1 1 1 1000 0 1
o
Floor1 Room3Floor14 0 0 -40 0 0 0 1 0.01 0.01 0.01 0 0 0 0 0 1 1 1 1 1000 0 1
o
Floor1 Room3Floor15 0 0 -45 0 0 0 1 0.01 0.01 0.01 0 0 0 0 0 1 1 1 1 1000 0 1
o
Wall1 Room3Wall1 -20 0 -40 0 0 0 1 0.01 0.01 0.01 0 0 0 0 0 1 1 1 1 1000 0 1
o
Wall1 Room3Wall2 -15 0 -40 0 0 0 1 0.01 0.01 0.01 0 0 0 0 0 1 1 1 1 1000 0 1
o
Wall1 Room3Wall3 -10 0 -40 0 0 0 1 0.01 0.01 0.01 0 0 0 0 0 1 1 1 1 1000 0 1
o
Wall1 Room3Wall4 -5 0 -40 0 0 0 1 0.01 0.01 0.01 0 0 0 0 0 1 1 1 1 1000 0 1
o
Wall1 Room3Wall5 0 0 -40 0 0 0 1 0.01 0.01 0.01 0 0 0 0 0 1 1 1 1 1000 0 1
o
Wall1 Room3Wall6 -25 0 -55 0 -0.999997 0 0.00261117 0.01 0.01 0.01 0 0 0 0 0 1 1 1 1 1000 0 1
o
Wall1 Room3Wall7 -20 0 -55 0 -0.999997 0 0.00261117 0.01 0.01 0.01 0 0 0 0 0 1 1 1 1 1000 0 1
o
Door1 Room3Wall8 -15 0 -55 0 -0.999997 0 0.00261117 0.01 0.01 0.01 0 0 0 0 0 1 1 1 1 1000 0 1
o
Wall1 Room3Wall9 -10 0 -55 0 -0.999997 0 0.00261117 0.01 0.01 0.01 0 0 0 0 0 1 1 1 1 1000 0 1
o
Wall1 Room3Wall10 -5 0 -55 0 -0.999997 0 0.00261117 0.01 0.01 0.01 0 0 0 0 0 1 1 1 1 1000 0 1
o
Wall1 Room3Wall11 -25 0 -40 -0 0.707951 -0 -0.706262 0.01 0.01 0.01 0 0 0 0 0 1 1 1 1 1000 0 1
o
Door1 Room3Wall12 -25 0 -45 -0 0.707951 -0 -0.706262 0.01 0.01 0.01 0 0 0 0 0 1 1 1 1 1000 0 1
o
Wall1 Room3Wall13 -25 0 -50 -0 0.707951 -0 -0.706262 0.01 0.01 0.01 0 0 0 0 0 1 1 1 1 1000 0 1
o
Wall1 Room3Wall14 0 0 -45 0 -0.707951 0 -0.706262 0.01 0.01 0.01 0 0 0 0 0 1 1 1 1 1000 0 1
o
Door1 Room3Wall15 0 0 -50 0 -0.707951 0 -0.706262 0.01 0.01 0.01 0 0 0 0 0 1 1 1 1 1000 0 1
o
Wall1 Room3Wall16 0 0 -55 0 -0.707951 0 -0.706262 0.01 0.01 0.01 0 0 0 0 0 1 1 1 1 1000 0 1
o
Floor1 Room3Room4Floor1 -10 0 -55 0 0 0 1 0.01 0.01 0.01 0 0 0 0 0 1 1 1 1 1000 0 1
o
Wall1 Room3Room4Wall17 -15 0 -55 -0 0.707951 -0 -0.706262 0.01 0.01 0.01 0 0 0 0 0 1 1 1 1 1000 0 1
o
Wall1 Room3Room4Wall17 -10 0 -60 0 -0.707951 0 -0.706262 0.01 0.01 0.01 0 0 0 0 0 1 1 1 1 1000 0 1
o
Floor1 Room4Floor1 -10 0 -80 0 0 0 1 0.01 0.01 0.01 0 0 0 0 0 1 1 1 1 1000 0 1
o
Floor1 Room4Floor2 -20 0 -60 0 0 0 1 0.01 0.01 0.01 0 0 0 0 0 1 1 1 1 1000 0 1
o
Floor1 Room4Floor3 -20 0 -65 0 0 0 1 0.01 0.01 0.01 0 0 0 0 0 1 1 1 1 1000 0 1
o
Floor1 Room4Floor4 -20 0 -70 0 0 0 1 0.01 0.01 0.01 0 0 0 0 0 1 1 1 1 1000 0 1
o
Floor1 Room4Floor5 -20 0 -75 0 0 0 1 0.01 0.01 0.01 0 0 0 0 0 1 1 1 1 1000 0 1
o
Floor1 Room4Floor6 -20 0 -80 0 0 0 1 0.01 0.01 0.01 0 0 0 0 0 1 1 1 1 1000 0 1
o
Floor1 Room4Floor7 -15 0 -80 0 0 0 1 0.01 0.01 0.01 0 0 0 0 0 1 1 1 1 1000 0 1
o
Floor1 Room4Floor8 -15 0 -75 0 0 0 1 0.01 0.01 0.01 0 0 0 0 0 1 1 1 1 1000 0 1
o
Floor1 Room4Floor9 -15 0 -70 0 0 0 1 0.01 0.01 0.01 0 0 0 0 0 1 1 1 1 1000 0 1
o
Floor1 Room4Floor10 -15 0 -65 0 0 0 1 0.01 0.01 0.01 0 0 0 0 0 1 1 1 1 1000 0 1
o
Floor1 Room4Floor11 -15 0 -60 0 0 0 1 0.01 0.01 0.01 0 0 0 0 0 1 1 1 1 1000 0 1
o
Floor1 Room4Floor12 -10 0 -60 0 0 0 1 0.01 0.01 0.01 0 0 0 0 0 1 1 1 1 1000 0 1
o
Floor1 Room4Floor13 -10 0 -65 0 0 0 1 0.01 0.01 0.01 0 0 0 0 0 1 1 1 1 1000 0 1
o
Floor1 Room4Floor14 -10 0 -70 0 0 0 1 0.01 0.01 0.01 0 0 0 0 0 1 1 1 1 1000 0 1
o
Floor1 Room4Floor15 -10 0 -75 0 0 0 1 0.01 0.01 0.01 0 0 0 0 0 1 1 1 1 1000 0 1
o
Wall1 Room4Wall1 -20 0 -60 0 0 0 1 0.01 0.01 0.01 0 0 0 0 0 1 1 1 1 1000 0 1
o
Wall1 Room4Wall2 -15 0 -60 0 0 0 1 0.01 0.01 0.01 0 0 0 0 0 1 1 1 1 1000 0 1
o
Door1 Room4Wall3 -10 0 -60 0 0 0 1 0.01 0.01 0.01 0 0 0 0 0 1 1 1 1 1000 0 1
o
Wall1 Room4Wall4 -25 0 -85 0 -0.999997 0 0.00261117 0.01 0.01 0.01 0 0 0 0 0 1 1 1 1 1000 0 1
o
Wall1 Room4Wall5 -20 0 -85 0 -0.999997 0 0.00261117 0.01 0.01 0.01 0 0 0 0 0 1 1 1 1 1000 0 1
o
Wall1 Room4Wall6 -15 0 -85 0 -0.999997 0 0.00261117 0.01 0.01 0.01 0 0 0 0 0 1 1 1 1 1000 0 1
o
Wall1 Room4Wall7 -25 0 -60 -0 0.707951 -0 -0.706262 0.01 0.01 0.01 0 0 0 0 0 1 1 1 1 1000 0 1
o
Wall1 Room4Wall8 -25 0 -65 -0 0.707951 -0 -0.706262 0.01 0.01 0.01 0 0 0 0 0 1 1 1 1 1000 0 1
o
Wall1 Room4Wall9 -25 0 -70 -0 0.707951 -0 -0.706262 0.01 0.01 0.01 0 0 0 0 0 1 1 1 1 1000 0 1
o
Wall1 Room4Wall10 -25 0 -75 -0 0.707951 -0 -0.706262 0.01 0.01 0.01 0 0 0 0 0 1 1 1 1 1000 0 1
o
Wall1 Room4Wall11 -25 0 -80 -0 0.707951 -0 -0.706262 0.01 0.01 0.01 0 0 0 0 0 1 1 1 1 1000 0 1
o
Wall1 Room4Wall12 -10 0 -65 0 -0.707951 0 -0.706262 0.01 0.01 0.01 0 0 0 0 0 1 1 1 1 1000 0 1
o
Wall1 Room4Wall13 -10 0 -70 0 -0.707951 0 -0.706262 0.01 0.01 0.01 0 0 0 0 0 1 1 1 1 1000 0 1
o
Door1 Room4Wall14 -10 0 -75 0 -0.707951 0 -0.706262 0.01 0.01 0.01 0 0 0 0 0 1 1 1 1 1000 0 1
o
Wall1 Room4Wall15 -10 0 -80 0 -0.707951 0 -0.706262 0.01 0.01 0.01 0 0 0 0 0 1 1 1 1 1000 0 1
o
Wall1 Room4Wall16 -10 0 -85 0 -0.707951 0 -0.706262 0.01 0.01 0.01 0 0 0 0 0 1 1 1 1 1000 0 1
o
Floor1 Room3Room5Floor1 -25 0 -45 0 0 0 1 0.01 0.01 0.01 0 0 0 0 0 1 1 1 1 1000 0 1
o
Wall1 Room3Room5Wall17 -25 0 -45 0 0 0 1 0.01 0.01 0.01 0 0 0 0 0 1 1 1 1 1000 0 1
o
Wall1 Room3Room5Wall17 -30 0 -50 0 -0.999997 0 0.00261117 0.01 0.01 0.01 0 0 0 0 0 1 1 1 1 1000 0 1
o
Floor1 Room5Floor1 -30 0 -40 0 0 0 1 0.01 0.01 0.01 0 0 0 0 0 1 1 1 1 1000 0 1
o
Floor1 Room5Floor2 -45 0 -40 0 0 0 1 0.01 0.01 0.01 0 0 0 0 0 1 1 1 1 1000 0 1
o
Floor1 Room5Floor3 -45 0 -45 0 0 0 1 0.01 0.01 0.01 0 0 0 0 0 1 1 1 1 1000 0 1
o
Floor1 Room5Floor4 -45 0 -50 0 0 0 1 0.01 0.01 0.01 0 0 0 0 0 1 1 1 1 1000 0 1
o
Floor1 Room5Floor5 -40 0 -50 0 0 0 1 0.01 0.01 0.01 0 0 0 0 0 1 1 1 1 1000 0 1
o
Floor1 Room5Floor6 -40 0 -45 0 0 0 1 0.01 0.01 0.01 0 0 0 0 0 1 1 1 1 1000 0 1
o
Floor1 Room5Floor7 -40 0 -40 0 0 0 1 0.01 0.01 0.01 0 0 0 0 0 1 1 1 1 1000 0 1
o
Floor1 Room5Floor8 -35 0 -40 0 0 0 1 0.01 0.01 0.01 0 0 0 0 0 1 1 1 1 1000 0 1
o
Floor1 Room5Floor9 -35 0 -45 0 0 0 1 0.01 0.01 0.01 0 0 0 0 0 1 1 1 1 1000 0 1
o
Floor1 Room5Floor10 -35 0 -50 0 0 0 1 0.01 0.01 0.01 0 0 0 0 0 1 1 1 1 1000 0 1
o
Floor1 Room5Floor11 -30 0 -50 0 0 0 1 0.01 0.01 0.01 0 0 0 0 0 1 1 1 1 1000 0 1
o
Floor1 Room5Floor12 -30 0 -45 0 0 0 1 0.01 0.01 0.01 0 0 0 0 0 1 1 1 1 1000 0 1
o
Wall1 Room5Wall1 -45 0 -40 0 0 0 1 0.01 0.01 0.01 0 0 0 0 0 1 1 1 1 1000 0 1
o
Wall1 Room5Wall2 -40 0 -40 0 0 0 1 0.01 0.01 0.01 0 0 0 0 0 1 1 1 1 1000 0 1
o
Door1 Room5Wall3 -35 0 -40 0 0 0 1 0.01 0.01 0.01 0 0 0 0 0 1 1 1 1 1000 0 1
o
Wall1 Room5Wall4 -30 0 -40 0 0 0 1 0.01 0.01 0.01 0 0 0 0 0 1 1 1 1 1000 0 1
o
Wall1 Room5Wall5 -50 0 -55 0 -0.999997 0 0.00261117 0.01 0.01 0.01 0 0 0 0 0 1 1 1 1 1000 0 1
o
Wall1 Room5Wall6 -45 0 -55 0 -0.999997 0 0.00261117 0.01 0.01 0.01 0 0 0 0 0 1 1 1 1 1000 0 1
o
Wall1 Room5Wall7 -40 0 -55 0 -0.999997 0 0.00261117 0.01 0.01 0.01 0 0 0 0 0 1 1 1 1 1000 0 1
o
Wall1 Room5Wall8 -35 0 -55 0 -0.999997 0 0.00261117 0.01 0.01 0.01 0 0 0 0 0 1 1 1 1 1000 0 1
o
Wall1 Room5Wall9 -50 0 -40 -0 0.707951 -0 -0.706262 0.01 0.01 0.01 0 0 0 0 0 1 1 1 1 1000 0 1
o
Wall1 Room5Wall10 -50 0 -45 -0 0.707951 -0 -0.706262 0.01 0.01 0.01 0 0 0 0 0 1 1 1 1 1000 0 1
o
Wall1 Room5Wall11 -50 0 -50 -0 0.707951 -0 -0.706262 0.01 0.01 0.01 0 0 0 0 0 1 1 1 1 1000 0 1
o
Wall1 Room5Wall12 -30 0 -45 0 -0.707951 0 -0.706262 0.01 0.01 0.01 0 0 0 0 0 1 1 1 1 1000 0 1
o
Door1 Room5Wall13 -30 0 -50 0 -0.707951 0 -0.706262 0.01 0.01 0.01 0 0 0 0 0 1 1 1 1 1000 0 1
o
Wall1 Room5Wall14 -30 0 -55 0 -0.707951 0 -0.706262 0.01 0.01 0.01 0 0 0 0 0 1 1 1 1 1000 0 1
o
Floor1 Room5Room6Floor1 -35 0 -35 0 0 0 1 0.01 0.01 0.01 0 0 0 0 0 1 1 1 1 1000 0 1
o
Wall1 Room5Room6Wall15 -40 0 -35 -0 0.707951 -0 -0.706262 0.01 0.01 0.01 0 0 0 0 0 1 1 1 1 1000 0 1
o
Wall1 Room5Room6Wall15 -35 0 -40 0 -0.707951 0 -0.706262 0.01 0.01 0.01 0 0 0 0 0 1 1 1 1 1000 0 1
o
Floor1 Room6Floor1 -25 0 -30 0 0 0 1 0.01 0.01 0.01 0 0 0 0 0 1 1 1 1 1000 0 1
o
Floor1 Room6Floor2 -45 0 0 0 0 0 1 0.01 0.01 0.01 0 0 0 0 0 1 1 1 1 1000 0 1
o
Floor1 Room6Floor3 -45 0 -5 0 0 0 1 0.01 0.01 0.01 0 0 0 0 0 1 1 1 1 1000 0 1
o
Floor1 Room6Floor4 -45 0 -10 0 0 0 1 0.01 0.01 0.01 0 0 0 0 0 1 1 1 1 1000 0 1
o
Floor1 Room6Floor5 -45 0 -15 0 0 0 1 0.01 0.01 0.01 0 0 0 0 0 1 1 1 1 1000 0 1
o
Floor1 Room6Floor6 -45 0 -20 0 0 0 1 0.01 0.01 0.01 0 0 0 0 0 1 1 1 1 1000 0 1
o
Floor1 Room6Floor7 -45 0 -25 0 0 0 1 0.01 0.01 0.01 0 0 0 0 0 1 1 1 1 1000 0 1
o
Floor1 Room6Floor8 -45 0 -30 0 0 0 1 0.01 0.01 0.01 0 0 0 0 0 1 1 1 1 1000 0 1
o
Floor1 Room6Floor9 -40 0 -30 0 0 0 1 0.01 0.01 0.01 0 0 0 0 0 1 1 1 1 1000 0 1
o
Floor1 Room6Floor10 -40 0 -25 0 0 0 1 0.01 0.01 0.01 0 0 0 0 0 1 1 1 1 1000 0 1
o
Floor1 Room6Floor11 -40 0 -20 0 0 0 1 0.01 0.01 0.01 0 0 0 0 0 1 1 1 1 1000 0 1
o
Floor1 Room6Floor12 -40 0 -15 0 0 0 1 0.01 0.01 0.01 0 0 0 0 0 1 1 1 1 1000 0 1
o
Floor1 Room6Floor13 -40 0 -10 0 0 0 1 0.01 0.01 0.01 0 0 0 0 0 1 1 1 1 1000 0 1
o
Floor1 Room6Floor14 -40 0 -5 0 0 0 1 0.01 0.01 0.01 0 0 0 0 0 1 1 1 1 1000 0 1
o
Floor1 Room6Floor15 -40 0 0 0 0 0 1 0.01 0.01 0.01 0 0 0 0 0 1 1 1 1 1000 0 1
o
Floor1 Room6Floor16 -35 0 0 0 0 0 1 0.01 0.01 0.01 0 0 0 0 0 1 1 1 1 1000 0 1
o
Floor1 Room6Floor17 -35 0 -5 0 0 0 1 0.01 0.01 0.01 0 0 0 0 0 1 1 1 1 1000 0 1
o
Floor1 Room6Floor18 -35 0 -10 0 0 0 1 0.01 0.01 0.01 0 0 0 0 0 1 1 1 1 1000 0 1
o
Floor1 Room6Floor19 -35 0 -15 0 0 0 1 0.01 0.01 0.01 0 0 0 0 0 1 1 1 1 1000 0 1
o
Floor1 Room6Floor20 -35 0 -20 0 0 0 1 0.01 0.01 0.01 0 0 0 0 0 1 1 1 1 1000 0 1
o
Floor1 Room6Floor21 -35 0 -25 0 0 0 1 0.01 0.01 0.01 0 0 0 0 0 1 1 1 1 1000 0 1
o
Floor1 Room6Floor22 -35 0 -30 0 0 0 1 0.01 0.01 0.01 0 0 0 0 0 1 1 1 1 1000 0 1
o
Floor1 Room6Floor23 -30 0 -30 0 0 0 1 0.01 0.01 0.01 0 0 0 0 0 1 1 1 1 1000 0 1
o
Floor1 Room6Floor24 -30 0 -25 0 0 0 1 0.01 0.01 0.01 0 0 0 0 0 1 1 1 1 1000 0 1
o
Floor1 Room6Floor25 -30 0 -20 0 0 0 1 0.01 0.01 0.01 0 0 0 0 0 1 1 1 1 1000 0 1
o
Floor1 Room6Floor26 -30 0 -15 0 0 0 1 0.01 0.01 0.01 0 0 0 0 0 1 1 1 1 1000 0 1
o
Floor1 Room6Floor27 -30 0 -10 0 0 0 1 0.01 0.01 0.01 0 0 0 0 0 1 1 1 1 1000 0 1
o
Floor1 Room6Floor28 -30 0 -5 0 0 0 1 0.01 0.01 0.01 0 0 0 0 0 1 1 1 1 1000 0 1
o
Floor1 Room6Floor29 -30 0 0 0 0 0 1 0.01 0.01 0.01 0 0 0 0 0 1 1 1 1 1000 0 1
o
Floor1 Room6Floor30 -25 0 0 0 0 0 1 0.01 0.01 0.01 0 0 0 0 0 1 1 1 1 1000 0 1
o
Floor1 Room6Floor31 -25 0 -5 0 0 0 1 0.01 0.01 0.01 0 0 0 0 0 1 1 1 1 1000 0 1
o
Floor1 Room6Floor32 -25 0 -10 0 0 0 1 0.01 0.01 0.01 0 0 0 0 0 1 1 1 1 1000 0 1
o
Floor1 Room6Floor33 -25 0 -15 0 0 0 1 0.01 0.01 0.01 0 0 0 0 0 1 1 1 1 1000 0 1
o
Floor1 Room6Floor34 -25 0 -20 0 0 0 1 0.01 0.01 0.01 0 0 0 0 0 1 1 1 1 1000 0 1
o
Floor1 Room6Floor35 -25 0 -25 0 0 0 1 0.01 0.01 0.01 0 0 0 0 0 1 1 1 1 1000 0 1
o
Wall1 Room6Wall1 -45 0 0 0 0 0 1 0.01 0.01 0.01 0 0 0 0 0 1 1 1 1 1000 0 1
o
Wall1 Room6Wall2 -40 0 0 0 0 0 1 0.01 0.01 0.01 0 0 0 0 0 1 1 1 1 1000 0 1
o
Wall1 Room6Wall3 -35 0 0 0 0 0 1 0.01 0.01 0.01 0 0 0 0 0 1 1 1 1 1000 0 1
o
Wall1 Room6Wall4 -30 0 0 0 0 0 1 0.01 0.01 0.01 0 0 0 0 0 1 1 1 1 1000 0 1
o
Wall1 Room6Wall5 -25 0 0 0 0 0 1 0.01 0.01 0.01 0 0 0 0 0 1 1 1 1 1000 0 1
o
Wall1 Room6Wall6 -50 0 -35 0 -0.999997 0 0.00261117 0.01 0.01 0.01 0 0 0 0 0 1 1 1 1 1000 0 1
o
Wall1 Room6Wall7 -45 0 -35 0 -0.999997 0 0.00261117 0.01 0.01 0.01 0 0 0 0 0 1 1 1 1 1000 0 1
o
Door1 Room6Wall8 -40 0 -35 0 -0.999997 0 0.00261117 0.01 0.01 0.01 0 0 0 0 0 1 1 1 1 1000 0 1
o
Wall1 Room6Wall9 -35 0 -35 0 -0.999997 0 0.00261117 0.01 0.01 0.01 0 0 0 0 0 1 1 1 1 1000 0 1
o
Wall1 Room6Wall10 -30 0 -35 0 -0.999997 0 0.00261117 0.01 0.01 0.01 0 0 0 0 0 1 1 1 1 1000 0 1
o
Wall1 Room6Wall11 -50 0 0 -0 0.707951 -0 -0.706262 0.01 0.01 0.01 0 0 0 0 0 1 1 1 1 1000 0 1
o
Wall1 Room6Wall12 -50 0 -5 -0 0.707951 -0 -0.706262 0.01 0.01 0.01 0 0 0 0 0 1 1 1 1 1000 0 1
o
Wall1 Room6Wall13 -50 0 -10 -0 0.707951 -0 -0.706262 0.01 0.01 0.01 0 0 0 0 0 1 1 1 1 1000 0 1
o
Wall1 Room6Wall14 -50 0 -15 -0 0.707951 -0 -0.706262 0.01 0.01 0.01 0 0 0 0 0 1 1 1 1 1000 0 1
o
Wall1 Room6Wall15 -50 0 -20 -0 0.707951 -0 -0.706262 0.01 0.01 0.01 0 0 0 0 0 1 1 1 1 1000 0 1
o
Wall1 Room6Wall16 -50 0 -25 -0 0.707951 -0 -0.706262 0.01 0.01 0.01 0 0 0 0 0 1 1 1 1 1000 0 1
o
Wall1 Room6Wall17 -50 0 -30 -0 0.707951 -0 -0.706262 0.01 0.01 0.01 0 0 0 0 0 1 1 1 1 1000 0 1
o
Wall1 Room6Wall18 -25 0 -5 0 -0.707951 0 -0.706262 0.01 0.01 0.01 0 0 0 0 0 1 1 1 1 1000 0 1
o
Wall1 Room6Wall19 -25 0 -10 0 -0.707951 0 -0.706262 0.01 0.01 0.01 0 0 0 0 0 1 1 1 1 1000 0 1
o
Wall1 Room6Wall20 -25 0 -15 0 -0.707951 0 -0.706262 0.01 0.01 0.01 0 0 0 0 0 1 1 1 1 1000 0 1
o
Wall1 Room6Wall21 -25 0 -20 0 -0.707951 0 -0.706262 0.01 0.01 0.01 0 0 0 0 0 1 1 1 1 1000 0 1
o
Wall1 Room6Wall22 -25 0 -25 0 -0.707951 0 -0.706262 0.01 0.01 0.01 0 0 0 0 0 1 1 1 1 1000 0 1
o
Wall1 Room6Wall23 -25 0 -30 0 -0.707951 0 -0.706262 0.01 0.01 0.01 0 0 0 0 0 1 1 1 1 1000 0 1
o
Wall1 Room6Wall24 -25 0 -35 0 -0.707951 0 -0.706262 0.01 0.01 0.01 0 0 0 0 0 1 1 1 1 1000 0 1
o
Torch Torch1 18 2.1 -0.2 0 0 0 1 0.025 0.025 0.025 0 0 0 0 0 1 1 1 1 1 0 1
o
Flame Torch1Flame 18 2.2 -0.7 -0.557684 -0 0 -0.830054 -5 -5 -4.62248 0 0 0 0 0 1 1 1 1 1 0 1
o
Torch Torch2 -12 2 -40.2 0 0 0 1 0.025 0.025 0.025 0 0 0 0 0 1 1 1 1 1 0 1
o
Flame Torch2Flame -12 2.1 -40.7 -0.557684 -0 0 -0.830054 -5 -5 -4.38422 0 0 0 0 0 1 1 1 1 1 0 1
o
Torch Torch3 -39.6 2.4 -0.4 0 0 0 1 0.025 0.025 0.025 0 0 0 0 0 1 1 1 1 1 0 1
o
Flame Torch3Flame -39.6 2.5 -0.9 -0.557684 -0 0 -0.830054 -5 -5 -3.53893 0 0 0 0 0 1 1 1 1 1 0 1
o
Torch Torch4 -21.8 2.6 -60.4 0 0 0 1 0.025 0.025 0.025 0 0 0 0 0 1 1 1 1 1 0 1
o
Flame Torch4Flame -21.8 2.7 -60.9 -0.557684 -0 0 -0.830054 -5 -5 -4.3325 0 0 0 0 0 1 1 1 1 1 0 1
o
Torch Torch5 17.4 2 -40.2 0 0 0 1 0.025 0.025 0.025 0 0 0 0 0 1 1 1 1 1 0 1
o
Flame Torch5Flame 17.4 2.1 -40.7 -0.557684 -0 0 -0.830054 -5 -5 -6 0 0 0 0 0 1 1 1 1 1 0 1
