0 25 -270
l
-285.7 631.1 -2037.99 1 1 1 1 1 1 1 1 1 0.1 0.001 1e-07 1 0 -1 0 1 0 10 20 1 1 
l
0 10 0 1 1 0 0 1 1 0 0 1 0.1 1e-05 0.1 1 -1.07374e+08 -1.07374e+08 -1.07374e+08 -1.07374e+08 0 0 0 1 1 
l
0 0 0 1 1 1 1 1 1 1 1 1 -1.07374e+08 -1.07374e+08 -1.07374e+08 -1.07374e+08 -1.07374e+08 -1.07374e+08 -1.07374e+08 -1.07374e+08 0 0 0 1 0 
l
0 10 0 1 1 1 0 1 1 0 0 1 0.1 1e-05 0.1 1 -1.07374e+08 -1.07374e+08 -1.07374e+08 -1.07374e+08 0 0 0 1 1 
l
0 10 0 1 0 1 0 1 1 0 0 1 0.1 1e-05 0.1 1 -1.07374e+08 -1.07374e+08 -1.07374e+08 -1.07374e+08 0 0 0 1 1 
l
0 10 0 1 1 0 1 1 1 0 0 1 0.1 1e-05 0.1 1 -1.07374e+08 -1.07374e+08 -1.07374e+08 -1.07374e+08 0 0 0 1 1 
o
Flat Ground -250 -21 500 -8 0 0 4 0 0 0 0 0 1 0 1
o
Flat Wall -246 -109 294 0 0 0 3 0 0 0 0 0 1 0 1
o
Cone Cone1 92 -16 -98 0 0 0 8 0 0 0 0 0 1 0 1
o
Cube Cube1 5 27 -130 0 0 0 20 0 0 0 0 0 1 0 1
o
Target Target1 50 0 0 0 0 0 1 0 0 0 0 0 1 0 1
o
Target Target2 0 0 0 0 0 0 1 0 0 0 0 0 1 0 1
o
Target Target3 0 0 0 0 0 0 1 0 0 0 0 0 1 0 1
o
Target Target4 0 0 0 0 0 0 1 0 0 0 0 0 1 0 1
o
Target Target5 0 0 0 0 0 0 1 0 0 0 0 0 1 0 1
o
ISO_Sphere_1 Debug_Sphere_1 -285.7 631.1 -2037.99 0 0 0 1 1 1 1 1 1 1 1 1
o
ISO_Sphere_1 Debug_Sphere_2 -285.7 631.1 -2037.99 0 0 0 1110.84 1 1 1 0 0 1 1 1
o
ISO_Sphere_1 Debug_Sphere_3 -285.7 631.1 -2037.99 0 0 0 1630.86 1 1 0 1 0 1 1 1
o
ISO_Sphere_1 Debug_Sphere_4 -285.7 631.1 -2037.99 0 0 0 1110.84 1 1 0 1 1 1 1 1
o
ISO_Sphere_1 Debug_Sphere_5 -285.7 631.1 -2037.99 0 0 0 1630.86 1 1 0 1 1 1 1 1
o
Cone 2da -285.7 631.1 -2037.99 0 0 0 1110.84 0 0 0 0 0 1 0 1
o
Cube Cube2 -285.7 631.1 -2037.99 0 0 0 1630.86 0 0 0 0 0 1 0 1
o
Cone Cone3 -285.7 631.1 -2037.99 0 0 0 3007.81 0 0 0 0 0 1 0 1
o
Cube Cube3 -285.7 631.1 -2037.99 0 0 0 9843.75 0 0 0 0 0 1 0 1
