c
-33.9645 330 -324.057 -0.558851 -0.14 0.829268
l
0 2960.4 -1000 1 0.94 0.89 0.92 1 1 1 1 1 0.114 0.353 0.31 1 0 -1 0 1 2 97 1 1 1 
l
0 10 0 1 1 0 0 1 1 0 0 1 0.057 1e-05 0.1 1 -1.07374e+08 -1.07374e+08 -1.07374e+08 -1.07374e+08 0 0 0 1 1 
l
0 0 0 1 1 1 1 1 1 1 1 1 -1.07374e+08 -1.07374e+08 -1.07374e+08 -1.07374e+08 -1.07374e+08 -1.07374e+08 -1.07374e+08 -1.07374e+08 0 0 0 1 0 
l
0 10 0 1 1 1 0 1 1 0 0 1 0.1 1e-05 0.1 1 -1.07374e+08 -1.07374e+08 -1.07374e+08 -1.07374e+08 0 0 0 1 1 
l
0 10 0 1 0 1 0 1 1 0 0 1 0.1 1e-05 0.1 1 -1.07374e+08 -1.07374e+08 -1.07374e+08 -1.07374e+08 0 0 0 1 1 
l
0 10 0 1 1 0 1 1 1 0 0 1 0.1 1e-05 0.1 1 -1.07374e+08 -1.07374e+08 -1.07374e+08 -1.07374e+08 0 0 0 1 1 
l
0 10 0 1 1 0 1 1 1 0 0 1 0.1 1e-05 0.1 1 -1.07374e+08 -1.07374e+08 -1.07374e+08 -1.07374e+08 0 0 0 1 1 
l
0 10 0 1 1 1 1 1 1 1 1 1 0.1 0.001 0.1 1 0 0 1 1 1 10 20 1 0 
l
0 10 0 1 1 1 1 1 1 1 1 1 0.1 0.001 0.1 1 0 0 1 1 1 10 20 1 0 
l
0 10 0 1 1 1 1 1 1 1 1 1 0.1 0.001 0.1 1 0 0 1 1 1 10 20 1 0 
l
0 10 0 1 1 1 1 1 1 1 1 1 0.1 0.001 0.1 1 0 0 1 1 1 10 20 1 0 
l
0 10 0 1 1 1 1 1 1 1 1 1 0.1 0.001 0.1 1 0 0 1 1 1 10 20 1 0 
l
0 10 0 1 1 1 1 1 1 1 1 1 0.1 0.001 0.1 1 0 0 1 1 1 10 20 1 0 
l
0 10 0 1 1 1 1 1 1 1 1 1 0.1 0.001 0.1 1 0 0 1 1 1 10 20 1 0 
l
0 10 0 1 1 1 1 1 1 1 1 1 0.1 0.001 0.1 1 0 0 1 1 1 10 20 1 0 
l
0 10 0 1 1 1 1 1 1 1 1 1 0.1 0.001 0.1 1 0 0 1 1 1 10 20 1 0 
l
0 0 0 1 1 1 1 1 1 1 1 1 -1.07374e+08 -1.07374e+08 -1.07374e+08 -1.07374e+08 -1.07374e+08 -1.07374e+08 -1.07374e+08 -1.07374e+08 0 0 0 1 0 
l
0 0 0 1 1 1 1 1 1 1 1 1 -1.07374e+08 -1.07374e+08 -1.07374e+08 -1.07374e+08 -1.07374e+08 -1.07374e+08 -1.07374e+08 -1.07374e+08 0 0 0 1 0 
l
0 0 0 1 1 1 1 1 1 1 1 1 -1.07374e+08 -1.07374e+08 -1.07374e+08 -1.07374e+08 -1.07374e+08 -1.07374e+08 -1.07374e+08 -1.07374e+08 0 0 0 1 0 
l
0 0 0 1 1 1 1 1 1 1 1 1 -1.07374e+08 -1.07374e+08 -1.07374e+08 -1.07374e+08 -1.07374e+08 -1.07374e+08 -1.07374e+08 -1.07374e+08 0 0 0 1 0 
o
Terrain Ground -4000 -560 4000 0.711473 0 -0 -0.702713 40 40 40 0 0 0 0 0 1 1 1 1 1000 0 1
o
Moon Moon 38 500 -500 0.711473 0 -0 -0.702713 40 40 40 1 0 0 0 0 1 1 1 1 1 0 1
o
ISO_Sphere_1 Debug_Sphere_1 0 2960.4 -1000 0 0 0 1 1 1 1 1 1 1 1 1 1 1 1 1 1 1 1
o
ISO_Sphere_1 Debug_Sphere_2 0 2960.4 -1000 0 0 0 1 1.49488 1.49488 1.49488 1 1 1 0 0 1 1 1 1 1 1 1
o
ISO_Sphere_1 Debug_Sphere_3 0 2960.4 -1000 0 0 0 1 1.96457 1.96457 1.96457 1 1 0 1 0 1 1 1 1 1 1 1
o
ISO_Sphere_1 Debug_Sphere_4 0 2960.4 -1000 0 0 0 1 3.01361 3.01361 3.01361 1 1 0 1 1 1 1 1 1 1 1 1
o
ISO_Sphere_1 Debug_Sphere_5 0 2960.4 -1000 0 0 0 1 7.47681 7.47681 7.47681 1 1 0 1 1 1 1 1 1 1 1 1
o
Beholder Beholder1 248.842 22.2963 66.2637 -0.00225369 0.307278 0.000727718 0.951617 5 5 5 0 0 0 0 0 1 1 0 0 1000 0 1
o
Beholder Beholder2 -228 5 0 0 0 0 1 5 5 5 0 0 0 0 0 1 1 0 0 1000 0 1
o
Beholder Beholder3 0 16 266 0 0 0 1 5 5 5 0 0 0 0 0 1 1 0 0 1000 0 1
